       0/2     5.03G   0.04088   0.02351         0   0.06439         0      1280         0         0         0         0         0         0         0
       1/2     5.03G   0.03878   0.01112         0    0.0499        37      1280         0         0         0         0         0         0         0
       2/2     5.03G   0.02923   0.01141         0   0.04063        16      1280         0         0         0         0         0         0         0
      3/29     5.03G    0.0394   0.01525         0   0.05465         0      1280         0         0  0.001582 0.0003216   0.03808   0.01823         0
      4/29     5.01G   0.03528   0.01288         0   0.04816        37      1280     0.135    0.1058    0.1183   0.01797   0.03194   0.01596         0
      5/29     5.01G   0.03197   0.01127         0   0.04324        16      1280    0.3808    0.8089    0.7537     0.309   0.02395   0.01541         0
      6/29     5.01G    0.0249   0.01015         0   0.03505        43      1280    0.3614    0.9421    0.5317    0.1231   0.02232   0.01174         0
      7/29     5.01G   0.02165  0.009076         0   0.03073         2      1280    0.5262    0.9653    0.9592    0.5551   0.01492   0.01084         0
      8/29     5.01G   0.01782  0.008449         0   0.02627        20      1280    0.6433    0.9807    0.9823    0.5635   0.01503  0.009712         0
      9/29     5.01G   0.01558  0.007853         0   0.02343        12      1280    0.6925    0.9865     0.984    0.5765   0.01585  0.009356         0
     10/29     5.01G   0.01542   0.00774         0   0.02316        22      1280    0.7056    0.9768    0.9793    0.5078   0.01323  0.009424         0
     11/29     5.01G   0.01463  0.007563         0   0.02219        29      1280    0.6466    0.9884     0.988      0.62    0.0152  0.008787         0
     12/29     5.01G    0.0135  0.007085         0   0.02058        22      1280    0.8289    0.9884    0.9919     0.644   0.01334  0.008737         0
     13/29     5.01G   0.01343  0.006978         0    0.0204        26      1280    0.8663    0.9923     0.994    0.6484      0.01  0.008603         0
     14/29     5.01G   0.01228  0.006833         0   0.01911        25      1280    0.8988    0.9923    0.9942    0.7046  0.009521  0.008132         0
     15/29     5.01G   0.01244  0.006646         0   0.01909        61      1280    0.8984    0.9923    0.9943    0.6859   0.01136  0.008114         0
     16/29     5.01G   0.01189  0.006743         0   0.01863        26      1280    0.9213    0.9884    0.9915    0.6554   0.01127  0.008087         0
     17/29     5.01G   0.01072  0.006304         0   0.01702         0      1280    0.9193    0.9923    0.9944    0.7088  0.008628  0.007777         0
     18/29     5.01G   0.01114  0.006538         0   0.01768        17      1280    0.9299    0.9961    0.9947    0.6956    0.0091  0.007868         0
     19/29     5.01G   0.01066  0.006668         0   0.01733        11      1280    0.9274    0.9942    0.9947    0.7227  0.008455  0.007657         0
     20/29     5.01G  0.009929  0.006302         0   0.01623        15      1280    0.9306    0.9942    0.9947    0.7325  0.007779  0.007576         0
     21/29     5.01G  0.009498  0.006298         0    0.0158        11      1280    0.9366    0.9942    0.9948      0.74  0.008349  0.007363         0
     22/29     5.01G  0.009416  0.006249         0   0.01566        19      1280    0.9365    0.9961    0.9948    0.7353   0.00754  0.007376         0
     23/29     5.01G  0.009603  0.006126         0   0.01573         7      1280    0.9393    0.9942    0.9947    0.7427  0.007349  0.007301         0
     24/29     5.01G   0.00888  0.006106         0   0.01499        14      1280    0.9397    0.9961    0.9948    0.7351  0.007558  0.007329         0
     25/29     5.01G  0.008882  0.006132         0   0.01501        31      1280     0.939    0.9942    0.9948    0.7391  0.007326  0.007315         0
     26/29     5.01G   0.00869  0.005809         0    0.0145        31      1280    0.9466    0.9942    0.9948    0.7419   0.00717  0.007199         0
     27/29     5.01G  0.008688  0.006042         0   0.01473        35      1280    0.9523    0.9942    0.9948    0.7396  0.007176  0.007235         0
     28/29     5.01G  0.008561   0.00598         0   0.01454        43      1280    0.9527    0.9961    0.9949    0.7435  0.007081  0.007123         0
